1 261 243 179 179
1 252 249 181 181
1 255 256 177 177
1 245 254 181 181
1 245 254 181 181
1 246 255 182 182
1 252 253 178 178
1 267 248 175 175
1 387 187 59 59
2 390 126 59 59 278 251 164 164
2 265 243 178 178 367 63 60 60
2 347 67 61 61 265 246 175 175
2 260 247 179 179 339 69 62 62
2 257 244 181 181 329 72 63 63
2 253 240 177 177 318 63 65 65
2 310 70 66 66 251 242 178 178
2 254 244 174 174 323 75 66 66
2 280 73 71 71 249 246 177 177
2 247 244 179 179 260 79 67 67
2 248 247 175 175 240 85 69 69
2 220 95 66 66 250 247 174 174
2 206 106 65 65 253 249 165 165
2 200 108 66 66 249 247 172 172
2 201 109 66 66 251 248 172 172
2 201 106 67 67 247 243 172 172
2 200 87 68 68 244 239 177 177
2 243 240 175 175 206 104 70 70
2 209 89 73 73 245 241 174 174
2 246 241 173 173 207 93 70 70
2 244 244 175 175 216 97 74 74
2 224 91 67 67 249 240 170 170
2 233 101 69 69 255 248 167 167
2 250 99 66 66 259 246 164 164
1 246 236 173 173
1 254 245 177 177
1 264 244 169 169
1 263 252 165 165
1 272 254 158 158
1 299 279 151 151
0 
